[vbopt]
multicol=1
tint=-1
multitint0=-14088938 //Darkest//
multitint1=-83533 //Dark//
multitint2=-5964935 //Light//
multitint3=-4590849 //Lightest//
tintscale1=2.000000
tintscale2=1.693750
tintscale3=2.000000