[vbopt]
multicol=1
tint=-1
multitint0=-14090211 //Darkest//
multitint1=-10595842 //Dark//
multitint2=-11146243 //Light//
multitint3=-3870977 //Lightest//
tintscale1=2.000000
tintscale2=1.425000
tintscale3=2.000000