[vbopt]
multicol=1
tint=-1
multitint0=-15986688 //Darkest//
multitint1=-74240 //Dark//
multitint2=-10289724 //Light//
multitint3=-5571585 //Lightest//
tintscale1=2.000000
tintscale2=1.425000
tintscale3=2.000000